  name: Home
  icon: mdi:home
  latitude: 58.290543
  longitude: 12.341817
  radius: 50
